41028
28039
55013
84016
39007
41029
39095
31025
64002
23006
21024
38017
41016
33033
33020
20002
39052
28026
26008
80004
41027
40017
84004
55007
37031
85003
54002
21016
53013
69023
54063
27065
27071
25006
21011
39025
11004
90003
73010
39141
15013
45009
69032
9005
82003
27023
37033
76014
41004
21017
72004
21018
84014
69030
4001
41013
28117
28050
27026
1001
28052
55014
95001
83006
39054
19010
27062
15012
21006
39029
46003
17003
21008
40021
29002
57008
89007
54016
28085
67006
20007
8013
18001
28009
42008
15039
60005
39078
106001
81007
96001
33019
53017
27049
40012
39127
83007
22007
54034
39015
54032
82001
55002
66011
16003
30015
54020
39099
6008
39019
27051
33032
37009
14002
33014
39061
33006
58012
55016
26009
39011
21026
18003
8011
67010
5003
69012
33021
13001
34010
55008
79004
19017
28001
41014
15011
28048
39143
33024
89002
47014
28081
53005
79003
54011
40033
84012
45003
33018
83009
83003
75003
68020
73009
53008
43018
25021
27006
79002
80002
62001
67018
107001
23004
58010
41020
75017
41009
4003
34008
27080
63004
17001
16004
21012
28056
33058
74006
2001
12001
76007
84008
65007
37005
40018
40010
39006
73005
28091
54007
49002
21027
51001
40013
8009
21022
14001
37008
41022
33022
38004
80005
39037
39002
27073
39027
15016
33029
37003
11003
13008
39021
76003
89005
84020
22001
39108
57006
72007
38003
32008
31010
39035
23011
39010
36011
54015
8004
15010
29005
68003
6007
28093
43007
28023
21015
43017
23008
43005
21003
54052
41019
66006
30005
12007
42001
38018
34011
34005
23001
84005
27021
56012
69007
35003
10002
92001
60012
9002
39142
27009
34002
39028
74001
67033
27090
65004
41011
79006
54036
38029
53006
17005
38007
31006
97002
84017
26005
52015
85004
39069
60010
40009
78003
39101
28115
40007
28012
27034
66004
73011
29009
46014
42011
9004
40006
81002
27087
27084
52011
13004
28074
68001
12002
39072
14005
55023
28066
54004
72009
36012
39049
47011
39004
28024
27038
55018
39022
27003
41001
28080
40016
49001
33034
39014
12009
43014
39144
37020
44011
84018
30012
48004
76005
67001
23016
28116
39056
79005
52004
54022
47001
102001
17004
74005
58001
56001
12008
17018
85001
93001
101002
50007
52009
39120
39017
54044
39020
60006
33053
15006
65006
38014
18002
42003
34003
15025
28033
34012
84019
42027
42016
28082
71006
54005
31002
71014
46005
54008
84030
72014
2002
48005
28060
55025
28046
39088
3003
54003
42004
43021
54029
28022
72015
52016
33054